1
2
3
6
7
8
17
23
24
27
28
34
35
36
42
43
50
51
62
63
65
66
67
68
109
110
111
112
113
114
117
118
121
124
131
132
133
135
136
139
140
145
146
147
148
149
152
153
156
157
158
169
170
173
174
181
182
183
193
194
205
207
209
210
211
213
214
217
218
222
223
224
227
228
229
230
235
239
244
245
253
254
260
277
278
283
286
287
288
289
290
296
297
298
308
309
319
320
322
325
326
1003
1004
1005
1006
1009
1012
1013
1017
1018
1021
1025
1027
1030
1031
1038
1041
1042
1045
1054
1059
1062
1069
1078
1081
1086
1093
1094
1096
1098
1102
1106
1107
1111
1114
1115
1118
1124
1128
1129
1130
1133
1134
1137
1139
1142
1144
1151
1152
1156
1160
1161
1162
1171
1172
1178
1181
1182
1186
1187
1192
1193
1197
1198
1199
1202
1203
1206
1212
1215
1218
1221
1222
1224
1227
1233
1240
1241
1246
1249
1253
1257
1258
1259
1268
1269
1272
1273
