9
10
11
12
13
14
15
16
18
19
20
21
22
25
26
29
30
31
32
33
37
38
39
40
41
44
45
46
47
48
49
52
53
54
55
56
57
58
59
60
61
64
69
70
71
72
73
74
75
76
77
101
102
103
104
105
106
107
108
115
116
119
120
122
123
125
126
127
128
129
130
134
137
138
143
144
150
151
154
155
159
160
161
162
163
164
165
166
167
168
171
175
176
177
178
179
180
184
185
187
188
189
190
191
192
195
196
197
198
199
200
201
202
203
204
206
208
212
215
216
219
220
221
225
226
231
232
233
234
236
237
238
240
241
242
243
246
247
248
249
250
251
252
255
256
257
258
259
261
262
263
264
265
266
267
268
269
270
271
272
273
274
275
276
279
280
281
282
284
285
291
292
293
294
295
299
300
301
302
303
304
305
306
307
310
311
312
313
314
315
316
317
318
321
323
324
1001
1002
1007
1008
1010
1011
1014
1015
1016
1019
1020
1022
1023
1024
1026
1028
1029
1032
1033
1034
1035
1036
1037
1039
1040
1043
1044
1046
1047
1048
1049
1050
1051
1052
1053
1055
1056
1057
1058
1060
1061
1063
1064
1065
1066
1067
1068
1070
1071
1072
1073
1074
1075
1076
1077
1079
1080
1082
1083
1084
1085
1087
1088
1089
1090
1091
1092
1095
1097
1099
1100
1101
1103
1104
1105
1108
1109
1110
1112
1113
1116
1117
1119
1120
1121
1122
1123
1125
1126
1127
1131
1132
1135
1136
1138
1140
1141
1143
1145
1146
1147
1148
1149
1150
1153
1154
1155
1157
1158
1159
1163
1164
1165
1166
1167
1168
1169
1170
1173
1174
1175
1176
1177
1179
1180
1183
1184
1185
1188
1189
1190
1191
1194
1195
1196
1200
1201
1204
1205
1207
1208
1209
1210
1211
1213
1214
1216
1217
1219
1220
1223
1225
1226
1228
1229
1230
1231
1232
1234
1235
1236
1237
1238
1239
1242
1243
1244
1245
1247
1248
1250
1251
1252
1254
1255
1256
1260
1261
1262
1263
1264
1265
1266
1267
1270
1271
